0 0.5136198106712565 0.22062418131678732 0.01721170395869191 0.01723543605653223
0 164824.07011 66262.402428 5810.000000000001 5802.0
1 0.4567167469879517 0.25957699069286455 0.01721170395869191 0.01723543605653223
0 149066.26945 59764.62078600001 5810.000000000001 5802.0
1 0.4384901721170395 0.25957778352292316 0.01721170395869191 0.01723543605653223
0 131962.95413 115000.8618 5810.000000000001 5802.0
0 0.39047376936316686 0.2047725267149259 0.01721170395869191 0.01723543605653223
0 98198.54583 100500.32934 5810.000000000001 5802.0
0 0.20784676419965573 0.5822592209582903 0.01721170395869191 0.01723543605653223
0 50044.69180200001 150988.967814 5810.000000000001 5802.0
