1 0.7764855883877657 0.6699013850415512 0.017280110592707794 0.01731301939058172
0 247966.156062 99307.07990399998 5787.0 5776.0
0 0.6752668913081044 0.4853255713296399 0.017280110592707794 0.01731301939058172
0 189395.205687 112237.909296 5787.0 5776.0
0 0.5293988595127008 0.4281802112188366 0.017280110592707794 0.01731301939058172
0 165639.078792 95486.92014399999 5787.0 5776.0
0 0.44596689130810435 0.19895670013850417 0.017280110592707794 0.01731301939058172
0 144725.775138 180741.32127999997 5787.0 5776.0
0 0.406731311560394 0.5739591412742382 0.017280110592707794 0.01731301939058172
0 119332.88209799999 200266.43659199998 5787.0 5776.0
1 0.3429111283912217 0.3066527700831025 0.017280110592707794 0.01731301939058172
0 106331.541696 163417.31827199997 5787.0 5776.0
0 0.28767803697943667 0.8142790512465374 0.017280110592707794 0.01731301939058172
0 79000.981659 199118.06382399998 5787.0 5776.0
0 0.2273959737342319 0.47322468836565096 0.017280110592707794 0.01731301939058172
0 75715.30824299999 201660.23737599998 5787.0 5776.0
0 0.22297520304129947 0.6473947022160664 0.017280110592707794 0.01731301939058172
