0 0.7809000842886041 0.4661605871435802 0.016857720836142953 0.016871941960519655
0 272950.18376000004 169330.033655 5932.0 5927.0
0 0.7360673634524613 0.6446558629998314 0.016857720836142953 0.016871941960519655
0 238817.90065999998 197061.790977 5932.0 5927.0
0 0.5625781523937964 0.30921955458073225 0.016857720836142953 0.016871941960519655
0 186024.269264 122258.392355 5932.0 5927.0
0 0.5103822488199595 0.12058959169900456 0.016857720836142953 0.016871941960519655
0 162299.0751 88000.439041 5932.0 5927.0
0 0.43253897505057315 0.6496956470389742 0.016857720836142953 0.016871941960519655
0 94674.547972 253845.698973 5932.0 5927.0
