0 0.6795222222222221 0.21906167735403306 0.01686056314280897 0.016874789065136685
0 224017.968321 196513.603056 5930.999999999999 5926.0
0 0.6316392513909965 0.33886635167060414 0.01686056314280897 0.016874789065136685
0 221101.470243 276869.837126 5930.999999999999 5926.0
0 0.6150587422019896 0.8022463381707728 0.01686056314280897 0.016874789065136685
0 210709.18983599998 131918.86378 5930.999999999999 5926.0
0 0.5959747597369752 0.13704038305771177 0.01686056314280897 0.016874789065136685
0 204893.79095699996 118525.653404 5930.999999999999 5926.0
0 0.5245871185297589 0.7745663010462369 0.01686056314280897 0.016874789065136685
0 183004.700013 154673.30524400002 5930.999999999999 5926.0
0 0.4928341763614905 0.7701786196422544 0.01686056314280897 0.016874789065136685
0 160504.97703299997 128717.65043200001 5930.999999999999 5926.0
0 0.4266959028831564 0.4147978231522106 0.01686056314280897 0.016874789065136685
0 142604.07435 220216.14526000002 5930.999999999999 5926.0
1 0.4053602596526724 0.22343923388457643 0.01686056314280897 0.016874789065136685
1 114433.06985999999 127892.29492999999 5930.999999999999 5926.0
1 0.29054329792615075 0.6135992912588593 0.01686056314280897 0.016874789065136685
1 85670.20494899999 186920.546848 5930.999999999999 5926.0
0 0.13777002866295737 0.3642271515356058 0.01686056314280897 0.016874789065136685
