0 0.828838890761969 0.41711746540668243 0.016857720836142953 0.016874789065136685
1 241971.73744 236071.264928 5932.0 5926.0
0 0.6759824173971679 0.24361150860614245 0.016857720836142953 0.016874789065136685
1 230680.911008 113638.43972200001 5932.0 5926.0
0 0.6316702292650034 0.2820802058724266 0.016857720836142953 0.016874789065136685
0 206377.595988 125369.40709800001 5932.0 5926.0
0 0.5669526466621713 0.20276317921025985 0.016857720836142953 0.016874789065136685
0 170156.074352 253132.88856599998 5932.0 5926.0
0 0.4835470836142953 0.22132364157948028 0.016857720836142953 0.016874789065136685
0 147533.61526 124184.0708 5932.0 5926.0
0 0.4053736682400539 0.4491370570367871 0.016857720836142953 0.016874789065136685
0 140053.06072799998 222793.297474 5932.0 5926.0
0 0.3458573668240054 0.3330448700641242 0.016857720836142953 0.016874789065136685
1 119127.895136 288337.2338 5932.0 5926.0
0 0.32462083614295345 0.6452314883563955 0.016857720836142953 0.016874789065136685
0 100166.162224 196724.331616 5932.0 5926.0
0 0.25645819285232635 0.7083554843064462 0.016857720836142953 0.016874789065136685
1 85647.384604 190445.704986 5932.0 5926.0
0 0.23726797033041133 0.3327268140398245 0.016857720836142953 0.016874789065136685
0 52631.540089199996 165920.663612 5932.0 5926.0
