Cluster 4916.6723 2471.8381 100 100
Unknown 4079.092 3983.6528 100 100
Cluster 4009.9277 1443.6418 100 100
Unknown 3888.7544 1917.6247 100 100
Cluster 3747.0678 1671.6073 100 100
Cluster 3479.0559 2115.5823 100 100
Cluster 3363.1631 1201.5746 100 100
Cluster 2868.4436 4271.5641 100 100
Cluster 2868.4013 1311.5639 100 100
Cluster 2487.0805 2095.58 100 100
Cluster 2404.6766 2661.5862 100 100
Cluster 2360.9754 3759.5899 100 100
Cluster 2051.6259 1973.6239 100 100
Unknown 2008.2248 4865.63 100 100
Cluster 1925.6508 3823.6418 100 100
Cluster 1688.5732 3319.6816 100 100
Cluster 1521.31 4197.7146 100 100
Stellar 1443.8197 3213.7311 100 100
Cluster 1407.4736 1971.7391 100 100
Cluster 887.24781 2799.8762 100 100
