Unknown 4493.5221 3869.3504 100 100
Cluster 4284.8826 1719.3054 100 100
Cluster 3907.7695 2803.2405 100 100
Cluster 3272.7701 1943.1771 100 100
Cluster 3063.6312 2473.1689 100 100
Cluster 2862.2616 1653.1669 100 100
Cluster 2580.8104 1149.1739 100 100
Cluster 2500.8774 3129.178 100 100
Cluster 2353.7541 3315.188 100 100
Cluster 2062.0854 3467.2167 100 100
Unknown 1984.4267 1771.2264 100 100
Cluster 1837.4208 2829.2472 100 100
Cluster 1664.7928 4703.2758 100 100
Cluster 1365.1457 3447.3349 100 100
Cluster 1315.9405 2733.3458 100 100
Cluster 1308.3689 3491.3476 100 100
Cluster 1290.3575 3739.3518 100 100
