Cluster 4030.2463 1298.1595 100 100
Cluster 3777.0691 3316.1256 100 100
Cluster 3746.2524 2008.122 100 100
Cluster 3727.8953 4672.1201 100 100
Cluster 3647.9134 4754.1118 100 100
Cluster 3552.6756 2226.103 100 100
Cluster 3534.7263 812.10131 100 100
Cluster 3454.6247 2000.0954 100 100
Cluster 3111.3262 4590.0799 100 100
Cluster 3085.5623 2610.0794 100 100
Cluster 2922.9995 4564.0785 100 100
Cluster 2706.2043 2172.0832 100 100
Cluster 2530.7334 2458.0919 100 100
Cluster 2404.385 3716.101 100 100
Unknown 2404.1917 1324.1009 100 100
Unknown 1929.406 2158.1555 100 100
Unknown 1723.2123 3636.1894 100 100
Unknown 1444.4479 3154.2448 100 100
Cluster 817.11404 2158.4101 100 100
